52525 1941 
52464 2000 
50588 4450 
47514 9567 
43932 15095 
39926 20878 
36199 27288 
32144 33267 
28768 39835 
26468 45461 
25560 47460 
24992 48715 
24737 49009 
24653 49068 
24629 49088 
24616 49088 
24616 49088 
24616 49088 
24616 49088 
24616 49088 
24616 49088 
24616 49088 
24616 49088 
24616 49068 
24616 49048 
24616 49048 
24629 49029 
24629 49009 
24641 49009 
24653 48970 
24653 48950 
24653 48950 
24653 48950 
24665 48931 
24665 48911 
24750 48911 
24967 48911 
25330 48911 
25899 48911 
26589 48911 
27473 48911 
28501 48911 
29530 48911 
30559 48911 
31672 48911 
32737 48911 
33705 48911 
34674 48911 
35521 48911 
36392 48911 
37143 48911 
37929 48911 
38619 48911 
39273 48911 
39841 48911 
40410 48911 
40967 48911 
41499 48911 
42044 48911 
42613 48911 
43145 48911 
43666 48911 
44295 48911 
44864 48911 
45433 48911 
46086 48911 
46764 48911 
47430 48911 
48204 48911 
48955 48911 
49826 48911 
50649 48911 
51472 48911 
52367 48911 
53178 48911 
54086 48911 
54873 48911 
55756 48911 
56579 48911 
57450 48911 
58298 48911 
59217 48911 
60065 48911 
60984 48911 
61832 48911 
62739 48911 
63477 48911 
64107 48911 
64639 48911 
65039 48911 
65341 48911 
65438 48911 
65499 48911 
65499 48911 
65499 48911 
65281 48852 
64881 48833 
64349 48833 
63707 48833 
62836 48833 
61904 48833 
60984 48833 
60004 48833 
59084 48833 
58140 48833 
57269 48833 
56325 48833 
55514 48833 
54594 48833 
53711 48833 
52779 48833 
51980 48833 
51133 48833 
50274 48852 
49463 48852 
48555 48852 
47720 48891 
46740 48891 
45868 48891 
44840 48891 
43968 48891 
42891 48891 
41996 48891 
40943 48891 
40108 48891 
39115 48891 
38329 48891 
37481 48891 
36658 48891 
35896 48891 
35146 48891 
34480 48891 
33705 48891 
33040 48891 
32289 48891 
31515 48891 
30704 48891 
29833 48891 
28889 48911 
27993 48911 
27001 48911 
26008 48911 
24980 48911 
23963 48911 
23079 48911 
22051 48911 
21167 48911 
20344 48911 
19594 48911 
18831 48911 
18117 48911 
17464 48911 
16895 48911 
16399 48911 
16084 48911 
15878 48911 
15818 48911 
15818 48931 
15999 48931 
16459 48950 
17173 48950 
18069 48950 
18965 48950 
20017 48950 
20998 48950 
22051 48950 
23225 48950 
24350 48950 
25585 48950 
26734 48950 
27957 48950 
29276 48950 
30595 48950 
31854 48950 
33233 48950 
34516 48950 
35908 48950 
37203 48950 
38631 48950 
39962 48950 
41342 48950 
42601 48950 
43823 48950 
45203 48950 
46558 48950 
47756 48950 
48858 48950 
49826 48950 
50516 48950 
50976 48950 
51133 48950 
51133 48950 
50758 48911 
49923 48911 
48821 48911 
47551 48911 
45868 48911 
43980 48911 
42080 48911 
40108 48911 
37929 48911 
35884 48911 
33766 48911 
31854 48911 
29869 48911 
28150 48911 
26323 48911 
24701 48911 
23079 48911 
21748 48911 
20598 48911 
19775 48911 
19473 48911 
19473 48911 
19993 48911 
20937 48911 
22438 48911 
24157 48911 
26105 48911 
28441 48911 
30970 48911 
33439 48911 
36162 48911 
38680 48911 
41100 48911 
43629 48911 
45784 48911 
47890 48911 
49596 48911 
51072 48911 
52137 48911 
52936 48911 
53239 48911 
53239 48911 
52694 48911 
51557 48911 
49995 48911 
48156 48911 
45820 48911 
43460 48911 
40834 48911 
38377 48911 
35811 48911 
33548 48911 
31273 48911 
29276 48911 
27158 48911 
25258 48911 
23346 48911 
21748 48911 
20247 48911 
19134 48911 
18214 48911 
17682 48911 
17512 48911 
17549 48911 
18323 48911 
19485 48911 
21240 48911 
23261 48911 
25778 48911 
28199 48911 
30789 48911 
33754 48911 
36525 48911 
39515 48911 
42177 48911 
44924 48911 
47321 48911 
49669 48911 
51520 48911 
53215 48911 
54437 48911 
55357 48911 
55938 48911 
56059 48911 
55901 48911 
55054 48911 
53771 48911 
52101 48911 
50020 48911 
47793 48911 
45372 48911 
42661 48911 
39926 48911 
37433 48911 
34807 48911 
32435 48911 
29954 48911 
27824 48911 
25766 48911 
23600 48911 
21772 48911 
20054 48911 
18747 48911 
17621 48911 
17028 48911 
